[gd_scene load_steps=5 format=3 uid="uid://p7s3uv2j0mag"]

[ext_resource type="Animation" path="res://Entity/Creature/Human/anims/character.tres" id="1_h3xbd"]

[sub_resource type="GDScript" id="1"]
script/source = "extends CharacterBody3D
var e_id

var appearance ={}
func _ready():
	take_on_clothes(\"body\")
	take_on_clothes(\"eyes\")

func generate_mesh(mesh_inst):
	reset_mesh(mesh_inst)
	var vertex_arr=mesh_inst.mesh.surface_get_arrays(0)[Mesh.ARRAY_VERTEX]
	for shape_name in appearance:
		var shp_indx =char_edit_global.meshs_shapes[mesh_inst.name][\"shp_name_index\"]
		if shp_indx.keys().has(shape_name):
			shp_indx = shp_indx[shape_name]
			vertex_arr = update_vertex(mesh_inst,vertex_arr,shp_indx,appearance[shape_name])
	save_mesh(mesh_inst,vertex_arr)

func generate_all_meshs():
	print(appearance)
	var time= Time.get_ticks_msec ( )
	var meshs =$skeleton.get_children()
	for mesh_inst in meshs:
		generate_mesh(mesh_inst)
	print (Time.get_ticks_msec ( )-time)
	
func reset_mesh(mesh_inst):
	save_mesh(mesh_inst,char_edit_global.meshs_shapes[mesh_inst.name][\"base_form\"])

func update_vertex(mesh_inst,vertex_arr,shp_indx,value):
	var blend = char_edit_global.meshs_shapes[mesh_inst.name][\"blendshapes\"][shp_indx]
	for i in range(len(vertex_arr)):
		vertex_arr[i] += blend[i]*value
	return vertex_arr

func save_mesh(mesh_inst, vertex_arr):
	var mat = mesh_inst.get_surface_override_material(0)
	var mesh_arrs = mesh_inst.mesh.surface_get_arrays(0)
	mesh_arrs[Mesh.ARRAY_VERTEX] = vertex_arr
	mesh_inst.mesh = ArrayMesh.new()
	mesh_inst.mesh.add_surface_from_arrays (Mesh.PRIMITIVE_TRIANGLES,mesh_arrs)
	mesh_inst.set_surface_override_material(0,mat)

func update_morph(shape_name,value):
	var temp = value;
	if appearance.has(shape_name):
		value -= appearance[shape_name]
	var meshs =$skeleton.get_children()
	for mesh_inst in meshs:
		var shp_indx =char_edit_global.meshs_shapes[mesh_inst.name][\"shp_name_index\"]
		if shp_indx.keys().has(shape_name):
			shp_indx = shp_indx[shape_name]
			var vertex_arr=mesh_inst.mesh.surface_get_arrays(0)[Mesh.ARRAY_VERTEX]
			save_mesh(mesh_inst,update_vertex(mesh_inst,vertex_arr,shp_indx,value))
	appearance[shape_name] = temp
	if appearance[shape_name]==0: #Удалим ключ, если он нулевой. Это позволит не крутить лишний раз цикл при генерации персонажа для этой формы
		appearance.erase(shape_name)

func random_face_gen(cartoonish):
	for param in char_edit_global.meshs_shapes[\"forms\"][\"head\"].keys():
		appearance [param] = randf()*cartoonish
	generate_all_meshs()
		
func take_off_clothes(cloth):
	var clothes = $skeleton.get_children()
	for i in clothes:
		if cloth == i.name:
			i.queue_free()

func take_on_clothes(cloth):
	var take_cloth = $skeleton.get_children()
	for i in take_cloth:
		if cloth == i.name: # Проверка на то, что вещь уже одета. Иначе у нас снова будет такая же сцена, но её имя изменится, а у нас по имени загружается меш и тд. Короче, вылет.
			return
	take_cloth = load(\"res://Entity/Creature/Human/meshs/\"+cloth+\".tscn\").instantiate()
	$skeleton.add_child(take_cloth)
	generate_mesh(take_cloth)
"

[sub_resource type="CapsuleShape3D" id="2"]
radius = 0.3
height = 1.9

[sub_resource type="AnimationLibrary" id="AnimationLibrary_4caec"]
_data = {
"skelnewsexydance": ExtResource("1_h3xbd")
}

[node name="character" type="CharacterBody3D"]
script = SubResource("1")

[node name="CollisionShape3D" type="CollisionShape3D" parent="."]
transform = Transform3D(1, 0, 0, 0, 1, 0, 0, 0, 1, 0, 0.894203, 0)
shape = SubResource("2")

[node name="skeleton" type="Skeleton3D" parent="."]
bones/0/name = "hips"
bones/0/parent = -1
bones/0/rest = Transform3D(1, 0, 0, 0, 0.987517, 0.15751, 0, -0.15751, 0.987517, 0, 0.881941, 0.013399)
bones/0/enabled = true
bones/0/position = Vector3(0, 0.881941, 0.013399)
bones/0/rotation = Quaternion(-0.0790019, 0, 0, 0.996874)
bones/0/scale = Vector3(1, 1, 1)
bones/1/name = "spine"
bones/1/parent = 0
bones/1/rest = Transform3D(1, 0, 0, 0, 0.983678, -0.17994, 0, 0.17994, 0.983678, 0, 0.148685, -6.78934e-07)
bones/1/enabled = true
bones/1/position = Vector3(0, 0.148685, -6.78934e-07)
bones/1/rotation = Quaternion(0.0903394, 0, 0, 0.995911)
bones/1/scale = Vector3(1, 1, 1)
bones/2/name = "chest"
bones/2/parent = 1
bones/2/rest = Transform3D(1, 0, 0, 0, 0.995635, 0.093328, 0, -0.093328, 0.995635, 0, 0.0758796, 4.56348e-07)
bones/2/enabled = true
bones/2/position = Vector3(0, 0.0758796, 4.56348e-07)
bones/2/rotation = Quaternion(-0.046715, 0, 0, 0.998908)
bones/2/scale = Vector3(1, 1, 1)
bones/3/name = "chest_1"
bones/3/parent = 2
bones/3/rest = Transform3D(1, 0, 0, 0, 0.978884, -0.204417, 0, 0.204417, 0.978884, 0, 0.145233, -6.70552e-07)
bones/3/enabled = true
bones/3/position = Vector3(0, 0.145233, -6.70552e-07)
bones/3/rotation = Quaternion(0.102752, 0, 0, 0.994707)
bones/3/scale = Vector3(1, 1, 1)
bones/4/name = "breast_l"
bones/4/parent = 3
bones/4/rest = Transform3D(-0.856354, 0.516389, -8.34465e-07, -0.00770476, -0.0127757, 0.999889, 0.516331, 0.856259, 0.014919, 0, -1.09663e-07, -3.72529e-09)
bones/4/enabled = true
bones/4/position = Vector3(0, -1.09663e-07, -3.72529e-09)
bones/4/rotation = Quaternion(0.188084, 0.67614, 0.686303, -0.190912)
bones/4/scale = Vector3(1, 1, 1)
bones/5/name = "breast_r"
bones/5/parent = 3
bones/5/rest = Transform3D(-0.856354, -0.516389, 8.34465e-07, 0.00770476, -0.0127757, 0.999889, -0.516331, 0.856259, 0.014919, 0, -1.09663e-07, -3.72529e-09)
bones/5/enabled = true
bones/5/position = Vector3(0, -1.09663e-07, -3.72529e-09)
bones/5/rotation = Quaternion(-0.188084, 0.67614, 0.686303, 0.190912)
bones/5/scale = Vector3(1, 1, 1)
bones/6/name = "neck"
bones/6/parent = 3
bones/6/rest = Transform3D(1, 0, 0, 0, 0.972953, -0.231002, 0, 0.231002, 0.972953, 0, 0.177196, -2.76603e-07)
bones/6/enabled = true
bones/6/position = Vector3(0, 0.177196, -2.76603e-07)
bones/6/rotation = Quaternion(0.11629, 0, 0, 0.993215)
bones/6/scale = Vector3(1, 1, 1)
bones/7/name = "head"
bones/7/parent = 6
bones/7/rest = Transform3D(1, 0, 0, 0, 0.915289, 0.402798, 0, -0.402798, 0.915289, 0, 0.108591, 1.26287e-06)
bones/7/enabled = true
bones/7/position = Vector3(0, 0.108591, 1.26287e-06)
bones/7/rotation = Quaternion(-0.205805, 0, 0, 0.978593)
bones/7/scale = Vector3(1, 1, 1)
bones/8/name = "jaw"
bones/8/parent = 7
bones/8/rest = Transform3D(1, 0, 0, 0, -0.655443, -0.755245, 0, 0.755245, -0.655443, 0, 0.00587802, 0.0127087)
bones/8/enabled = true
bones/8/position = Vector3(0, 0.00587802, 0.0127087)
bones/8/rotation = Quaternion(0.909792, 0, 0, 0.415065)
bones/8/scale = Vector3(1, 1, 1)
bones/9/name = "tongue_base"
bones/9/parent = 8
bones/9/rest = Transform3D(-1, -1.42109e-14, -1.50996e-07, 1.07811e-07, 0.700145, -0.714001, 1.05719e-07, -0.714001, -0.700145, 0, 0.0310196, 0.0190813)
bones/9/enabled = true
bones/9/position = Vector3(0, 0.0310196, 0.0190813)
bones/9/rotation = Quaternion(2.92331e-08, 0.921994, -0.387205, -6.96086e-08)
bones/9/scale = Vector3(1, 1, 1)
bones/10/name = "tongue_mod"
bones/10/parent = 9
bones/10/rest = Transform3D(1, 2.04959e-08, -6.22801e-08, -1.18524e-08, 0.990745, 0.135738, 6.44857e-08, -0.135738, 0.990745, -5.4623e-13, 0.029245, 3.75044e-06)
bones/10/enabled = true
bones/10/position = Vector3(-5.4623e-13, 0.029245, 3.75044e-06)
bones/10/rotation = Quaternion(-0.0680266, -3.1765e-08, -8.10584e-09, 0.997684)
bones/10/scale = Vector3(1, 1, 1)
bones/11/name = "tongue_tip"
bones/11/parent = 10
bones/11/rest = Transform3D(1, 4.13737e-08, 1.05288e-08, -4.14233e-08, 0.880618, 0.473827, 1.03321e-08, -0.473827, 0.880618, 7.28975e-13, 0.020345, -8.19727e-06)
bones/11/enabled = true
bones/11/position = Vector3(7.28975e-13, 0.020345, -8.19727e-06)
bones/11/rotation = Quaternion(-0.244317, 5.07236e-11, -2.13461e-08, 0.969695)
bones/11/scale = Vector3(1, 1, 1)
bones/12/name = "lolid_l"
bones/12/parent = 7
bones/12/rest = Transform3D(-0.998812, 0.0469508, 0.0130623, -0.0075917, -0.41466, 0.909945, 0.0481391, 0.908764, 0.414524, 0.029036, 0.0353866, 0.0760735)
bones/12/enabled = true
bones/12/position = Vector3(0.029036, 0.0353866, 0.0760735)
bones/12/rotation = Quaternion(0.0181967, 0.540747, 0.840832, -0.0162168)
bones/12/scale = Vector3(1, 1, 1)
bones/13/name = "lolid_r"
bones/13/parent = 7
bones/13/rest = Transform3D(-0.998812, -0.0469508, -0.0130623, 0.0075917, -0.41466, 0.909945, -0.0481391, 0.908764, 0.414524, -0.029036, 0.0353866, 0.0760735)
bones/13/enabled = true
bones/13/position = Vector3(-0.029036, 0.0353866, 0.0760735)
bones/13/rotation = Quaternion(-0.0181967, 0.540747, 0.840832, 0.0162168)
bones/13/scale = Vector3(1, 1, 1)
bones/14/name = "uplid_l"
bones/14/parent = 7
bones/14/rest = Transform3D(-0.998812, 0.0457664, -0.0167493, -0.00758717, 0.193466, 0.981078, 0.0481409, 0.980039, -0.192889, 0.029036, 0.0353866, 0.0760735)
bones/14/enabled = true
bones/14/position = Vector3(0.029036, 0.0353866, 0.0760735)
bones/14/rotation = Quaternion(0.0123606, 0.772199, 0.634913, -0.0210083)
bones/14/scale = Vector3(1, 1, 1)
bones/15/name = "uplid_r"
bones/15/parent = 7
bones/15/rest = Transform3D(-0.998812, -0.0457664, 0.0167493, 0.00758717, 0.193466, 0.981078, -0.0481409, 0.980039, -0.192889, -0.029036, 0.0353866, 0.0760735)
bones/15/enabled = true
bones/15/position = Vector3(-0.029036, 0.0353866, 0.0760735)
bones/15/rotation = Quaternion(-0.0123606, 0.772199, 0.634913, 0.0210083)
bones/15/scale = Vector3(1, 1, 1)
bones/16/name = "eye_l"
bones/16/parent = 7
bones/16/rest = Transform3D(-0.998921, 0.0464132, -0.00159489, -0.00730594, -0.12314, 0.992362, 0.0458624, 0.991303, 0.123347, 0.029036, 0.0353866, 0.0760735)
bones/16/enabled = true
bones/16/position = Vector3(0.029036, 0.0353866, 0.0760735)
bones/16/rotation = Quaternion(0.0147709, 0.661898, 0.749234, -0.0179247)
bones/16/scale = Vector3(1, 1, 1)
bones/17/name = "eye_r"
bones/17/parent = 7
bones/17/rest = Transform3D(-0.998921, -0.0464132, 0.00159489, 0.00730594, -0.12314, 0.992362, -0.0458624, 0.991303, 0.123347, -0.029036, 0.0353866, 0.0760735)
bones/17/enabled = true
bones/17/position = Vector3(-0.029036, 0.0353866, 0.0760735)
bones/17/rotation = Quaternion(-0.0147709, 0.661898, 0.749234, 0.0179247)
bones/17/scale = Vector3(1, 1, 1)
bones/18/name = "shoulder_l"
bones/18/parent = 3
bones/18/rest = Transform3D(-0.149748, 0.988363, 0.0267345, -0.96879, -0.152077, 0.195753, 0.197541, 0.00341346, 0.980289, 0.022861, 0.108572, 0.0262846)
bones/18/enabled = true
bones/18/position = Vector3(0.022861, 0.108572, 0.0262846)
bones/18/rotation = Quaternion(-0.0742306, -0.0659202, -0.755333, 0.647778)
bones/18/scale = Vector3(1, 1, 1)
bones/19/name = "upper_arm_l"
bones/19/parent = 18
bones/19/rest = Transform3D(0.77111, 0.636095, 0.0277715, -0.636479, 0.77126, 0.00722829, -0.0168212, -0.0232498, 0.999588, 1.84227e-06, 0.149641, 2.4261e-07)
bones/19/enabled = true
bones/19/position = Vector3(1.84227e-06, 0.149641, 2.4261e-07)
bones/19/rotation = Quaternion(-0.00809722, 0.0118471, -0.338089, 0.941005)
bones/19/scale = Vector3(1, 1, 1)
bones/20/name = "forearm_l"
bones/20/parent = 19
bones/20/rest = Transform3D(0.999985, -0.00380677, 0.00390003, 0.00544361, 0.732143, -0.681129, -0.000262484, 0.68114, 0.732153, -2.88116e-06, 0.244366, -4.5076e-07)
bones/20/enabled = true
bones/20/position = Vector3(-2.88116e-06, 0.244366, -4.5076e-07)
bones/20/rotation = Quaternion(0.365954, 0.0011182, 0.00248498, 0.930629)
bones/20/scale = Vector3(1, 1, 1)
bones/21/name = "hand_l"
bones/21/parent = 20
bones/21/rest = Transform3D(0.639329, 0.0517127, 0.767193, 0.0371673, 0.994491, -0.0980066, -0.768035, 0.0911729, 0.633885, -6.64964e-07, 0.239928, -3.57628e-06)
bones/21/enabled = true
bones/21/position = Vector3(-6.64964e-07, 0.239928, -3.57628e-06)
bones/21/rotation = Quaternion(0.0523266, 0.42464, -0.00402324, 0.90384)
bones/21/scale = Vector3(1, 1, 1)
bones/22/name = "thumb_1_l"
bones/22/parent = 21
bones/22/rest = Transform3D(-0.465273, -0.0217392, 0.8849, 0.82203, 0.360178, 0.441065, -0.32831, 0.932631, -0.149711, -0.0159344, 0.0373226, 0.0188906)
bones/22/enabled = true
bones/22/position = Vector3(-0.0159344, 0.0373226, 0.0188906)
bones/22/rotation = Quaternion(0.284719, 0.702702, 0.488719, 0.431623)
bones/22/scale = Vector3(1, 1, 1)
bones/23/name = "thumb_2_l"
bones/23/parent = 22
bones/23/rest = Transform3D(0.931552, 0.358684, -0.0596409, -0.363488, 0.922847, -0.127395, 0.00934489, 0.140354, 0.990057, 2.16067e-06, 0.0310134, -8.06153e-06)
bones/23/enabled = true
bones/23/position = Vector3(2.16067e-06, 0.0310134, -8.06153e-06)
bones/23/rotation = Quaternion(0.068278, -0.0175919, -0.184159, 0.980364)
bones/23/scale = Vector3(1, 1, 1)
bones/24/name = "thumb_3_l"
bones/24/parent = 23
bones/24/rest = Transform3D(0.997789, 0.0637608, -0.0187366, -0.0664567, 0.957344, -0.281206, 7.43754e-06, 0.281829, 0.959465, 1.47521e-06, 0.0364049, 8.62032e-06)
bones/24/enabled = true
bones/24/position = Vector3(1.47521e-06, 0.0364049, 8.62032e-06)
bones/24/rotation = Quaternion(0.142286, -0.00473684, -0.0329076, 0.989267)
bones/24/scale = Vector3(1, 1, 1)
bones/25/name = "f_index_1_l"
bones/25/parent = 21
bones/25/rest = Transform3D(0.556939, 0.0770895, 0.826968, 0.209803, 0.950334, -0.229886, -0.803618, 0.301533, 0.513104, -0.0164628, 0.103618, 0.0208822)
bones/25/enabled = true
bones/25/position = Vector3(-0.0164628, 0.103618, 0.0208822)
bones/25/rotation = Quaternion(0.152889, 0.469119, 0.0381816, 0.868962)
bones/25/scale = Vector3(1, 1, 1)
bones/26/name = "f_index_2_l"
bones/26/parent = 25
bones/26/rest = Transform3D(0.999908, -0.0115835, 0.00702929, 0.0128296, 0.976257, -0.216235, -0.00435764, 0.216305, 0.976316, 9.98378e-07, 0.0259763, 6.63102e-07)
bones/26/enabled = true
bones/26/position = Vector3(9.98378e-07, 0.0259763, 6.63102e-07)
bones/26/rotation = Quaternion(0.108783, 0.00286379, 0.00613985, 0.994042)
bones/26/scale = Vector3(1, 1, 1)
bones/27/name = "f_index_3_l"
bones/27/parent = 26
bones/27/rest = Transform3D(0.999305, -0.0371895, 0.00252274, 0.0372119, 0.991394, -0.125511, 0.00216666, 0.125518, 0.992089, 1.47521e-06, 0.0231998, -2.27988e-06)
bones/27/enabled = true
bones/27/position = Vector3(1.47521e-06, 0.0231998, -2.27988e-06)
bones/27/rotation = Quaternion(0.0628928, 8.92145e-05, 0.0186405, 0.997846)
bones/27/scale = Vector3(1, 1, 1)
bones/28/name = "f_middle_1_l"
bones/28/parent = 21
bones/28/rest = Transform3D(0.637017, 0.323421, 0.69972, -0.0852474, 0.931715, -0.353045, -0.766121, 0.165247, 0.621089, 5.126e-06, 0.102753, -4.91738e-07)
bones/28/enabled = true
bones/28/position = Vector3(5.126e-06, 0.102753, -4.91738e-07)
bones/28/rotation = Quaternion(0.145098, 0.410368, -0.114409, 0.893004)
bones/28/scale = Vector3(1, 1, 1)
bones/29/name = "f_middle_2_l"
bones/29/parent = 28
bones/29/rest = Transform3D(0.997318, -0.0729146, 0.0063036, 0.0731845, 0.992936, -0.0933905, 0.000550458, 0.0936014, 0.99561, -2.20537e-06, 0.0339944, -1.08778e-06)
bones/29/enabled = true
bones/29/position = Vector3(-2.20537e-06, 0.0339944, -1.08778e-06)
bones/29/rotation = Quaternion(0.0468308, 0.00144083, 0.0365895, 0.998231)
bones/29/scale = Vector3(1, 1, 1)
bones/30/name = "f_middle_3_l"
bones/30/parent = 29
bones/30/rest = Transform3D(0.99993, 0.0118124, -0.000795417, -0.0118113, 0.990718, -0.135417, -0.00081157, 0.135417, 0.990788, -2.83122e-07, 0.0277631, -1.71363e-07)
bones/30/enabled = true
bones/30/position = Vector3(-2.83122e-07, 0.0277631, -1.71363e-07)
bones/30/rotation = Quaternion(0.0678662, 4.04841e-06, -0.00591968, 0.997677)
bones/30/scale = Vector3(1, 1, 1)
bones/31/name = "f_pinky_1_l"
bones/31/parent = 21
bones/31/rest = Transform3D(0.673796, 0.553828, 0.489156, -0.436972, 0.832482, -0.340631, -0.595865, 0.0157684, 0.80293, 0.0314135, 0.0874836, -0.0217678)
bones/31/enabled = true
bones/31/position = Vector3(0.0314135, 0.0874836, -0.0217678)
bones/31/rotation = Quaternion(0.0979592, 0.298226, -0.272329, 0.909561)
bones/31/scale = Vector3(1, 1, 1)
bones/32/name = "f_pinky_2_l"
bones/32/parent = 31
bones/32/rest = Transform3D(0.998784, -0.0489319, 0.0059417, 0.0492485, 0.985614, -0.161677, 0.00205493, 0.161773, 0.986826, 8.9407e-07, 0.0214158, -6.63102e-06)
bones/32/enabled = true
bones/32/position = Vector3(8.9407e-07, 0.0214158, -6.63102e-06)
bones/32/rotation = Quaternion(0.0811549, 0.00097521, 0.0246339, 0.996397)
bones/32/scale = Vector3(1, 1, 1)
bones/33/name = "f_pinky_3_l"
bones/33/parent = 32
bones/33/rest = Transform3D(0.999743, 0.0226833, 0.000224608, -0.0226837, 0.99959, 0.017492, 0.00017226, -0.0174926, 0.999847, 1.38581e-06, 0.0156924, 8.10251e-06)
bones/33/enabled = true
bones/33/position = Vector3(1.38581e-06, 0.0156924, 8.10251e-06)
bones/33/rotation = Quaternion(-0.00874705, 1.30882e-05, -0.0113429, 0.999897)
bones/33/scale = Vector3(1, 1, 1)
bones/34/name = "f_ring_1_l"
bones/34/parent = 21
bones/34/rest = Transform3D(0.619053, 0.425623, 0.660014, -0.269027, 0.904489, -0.330946, -0.737833, 0.0273118, 0.67443, 0.014336, 0.0970188, -0.0131662)
bones/34/enabled = true
bones/34/position = Vector3(0.014336, 0.0970188, -0.0131662)
bones/34/rotation = Quaternion(0.100168, 0.390834, -0.194222, 0.894144)
bones/34/scale = Vector3(1, 1, 1)
bones/35/name = "f_ring_2_l"
bones/35/parent = 34
bones/35/rest = Transform3D(0.996286, -0.0857997, 0.00722586, 0.0860497, 0.989187, -0.118763, 0.00304209, 0.118944, 0.992896, 5.36442e-06, 0.0298665, -3.69549e-06)
bones/35/enabled = true
bones/35/position = Vector3(5.36442e-06, 0.0298665, -3.69549e-06)
bones/35/rotation = Quaternion(0.0595881, 0.00104879, 0.043079, 0.997293)
bones/35/scale = Vector3(1, 1, 1)
bones/36/name = "f_ring_3_l"
bones/36/parent = 35
bones/36/rest = Transform3D(0.99879, 0.0490794, -0.00304958, -0.0490926, 0.991647, -0.119276, -0.00282991, 0.119282, 0.992857, -3.21865e-06, 0.0249356, 1.40816e-06)
bones/36/enabled = true
bones/36/position = Vector3(-3.21865e-06, 0.0249356, 1.40816e-06)
bones/36/rotation = Quaternion(0.0597646, -5.5035e-05, -0.0245944, 0.997909)
bones/36/scale = Vector3(1, 1, 1)
bones/37/name = "shoulder_r"
bones/37/parent = 3
bones/37/rest = Transform3D(-0.149748, -0.988363, -0.0267345, 0.96879, -0.152077, 0.195753, -0.197541, 0.00341346, 0.980289, -0.022861, 0.108572, 0.0262846)
bones/37/enabled = true
bones/37/position = Vector3(-0.022861, 0.108572, 0.0262846)
bones/37/rotation = Quaternion(-0.0742306, 0.0659202, 0.755333, 0.647778)
bones/37/scale = Vector3(1, 1, 1)
bones/38/name = "upper_arm_r"
bones/38/parent = 37
bones/38/rest = Transform3D(0.77111, -0.636095, -0.0277715, 0.636479, 0.77126, 0.00722829, 0.0168212, -0.0232498, 0.999588, -1.84227e-06, 0.149641, 2.4261e-07)
bones/38/enabled = true
bones/38/position = Vector3(-1.84227e-06, 0.149641, 2.4261e-07)
bones/38/rotation = Quaternion(-0.00809722, -0.0118471, 0.338089, 0.941005)
bones/38/scale = Vector3(1, 1, 1)
bones/39/name = "forearm_r"
bones/39/parent = 38
bones/39/rest = Transform3D(0.999985, 0.00380677, -0.00390003, -0.00544361, 0.732143, -0.681129, 0.000262484, 0.68114, 0.732153, 2.88116e-06, 0.244366, -4.5076e-07)
bones/39/enabled = true
bones/39/position = Vector3(2.88116e-06, 0.244366, -4.5076e-07)
bones/39/rotation = Quaternion(0.365954, -0.0011182, -0.00248498, 0.930629)
bones/39/scale = Vector3(1, 1, 1)
bones/40/name = "hand_r"
bones/40/parent = 39
bones/40/rest = Transform3D(0.639329, -0.0517127, -0.767193, -0.0371673, 0.994491, -0.0980066, 0.768035, 0.0911729, 0.633885, 6.64964e-07, 0.239928, -3.57628e-06)
bones/40/enabled = true
bones/40/position = Vector3(6.64964e-07, 0.239928, -3.57628e-06)
bones/40/rotation = Quaternion(0.0523266, -0.42464, 0.00402324, 0.90384)
bones/40/scale = Vector3(1, 1, 1)
bones/41/name = "thumb_1_r"
bones/41/parent = 40
bones/41/rest = Transform3D(-0.465273, 0.0217392, -0.8849, -0.82203, 0.360178, 0.441065, 0.32831, 0.932631, -0.149711, 0.0159344, 0.0373226, 0.0188906)
bones/41/enabled = true
bones/41/position = Vector3(0.0159344, 0.0373226, 0.0188906)
bones/41/rotation = Quaternion(-0.284719, 0.702702, 0.488719, -0.431623)
bones/41/scale = Vector3(1, 1, 1)
bones/42/name = "thumb_2_r"
bones/42/parent = 41
bones/42/rest = Transform3D(0.931552, -0.358684, 0.0596409, 0.363488, 0.922847, -0.127395, -0.00934489, 0.140354, 0.990057, -2.16067e-06, 0.0310134, -8.06153e-06)
bones/42/enabled = true
bones/42/position = Vector3(-2.16067e-06, 0.0310134, -8.06153e-06)
bones/42/rotation = Quaternion(0.068278, 0.0175919, 0.184159, 0.980364)
bones/42/scale = Vector3(1, 1, 1)
bones/43/name = "thumb_3_r"
bones/43/parent = 42
bones/43/rest = Transform3D(0.997789, -0.0637608, 0.0187366, 0.0664567, 0.957344, -0.281206, -7.43754e-06, 0.281829, 0.959465, -1.47521e-06, 0.0364049, 8.62032e-06)
bones/43/enabled = true
bones/43/position = Vector3(-1.47521e-06, 0.0364049, 8.62032e-06)
bones/43/rotation = Quaternion(0.142286, 0.00473684, 0.0329076, 0.989267)
bones/43/scale = Vector3(1, 1, 1)
bones/44/name = "f_index_1_r"
bones/44/parent = 40
bones/44/rest = Transform3D(0.556939, -0.0770895, -0.826968, -0.209803, 0.950334, -0.229886, 0.803618, 0.301533, 0.513104, 0.0164628, 0.103618, 0.0208822)
bones/44/enabled = true
bones/44/position = Vector3(0.0164628, 0.103618, 0.0208822)
bones/44/rotation = Quaternion(0.152889, -0.469119, -0.0381816, 0.868962)
bones/44/scale = Vector3(1, 1, 1)
bones/45/name = "f_index_2_r"
bones/45/parent = 44
bones/45/rest = Transform3D(0.999908, 0.0115835, -0.00702929, -0.0128296, 0.976257, -0.216235, 0.00435764, 0.216305, 0.976316, -9.98378e-07, 0.0259763, 6.63102e-07)
bones/45/enabled = true
bones/45/position = Vector3(-9.98378e-07, 0.0259763, 6.63102e-07)
bones/45/rotation = Quaternion(0.108783, -0.00286379, -0.00613985, 0.994042)
bones/45/scale = Vector3(1, 1, 1)
bones/46/name = "f_index_3_r"
bones/46/parent = 45
bones/46/rest = Transform3D(0.999305, 0.0371895, -0.00252274, -0.0372119, 0.991394, -0.125511, -0.00216666, 0.125518, 0.992089, -1.47521e-06, 0.0231998, -2.27988e-06)
bones/46/enabled = true
bones/46/position = Vector3(-1.47521e-06, 0.0231998, -2.27988e-06)
bones/46/rotation = Quaternion(0.0628928, -8.92145e-05, -0.0186405, 0.997846)
bones/46/scale = Vector3(1, 1, 1)
bones/47/name = "f_middle_1_r"
bones/47/parent = 40
bones/47/rest = Transform3D(0.637017, -0.323421, -0.69972, 0.0852474, 0.931715, -0.353045, 0.766121, 0.165247, 0.621089, -5.126e-06, 0.102753, -4.91738e-07)
bones/47/enabled = true
bones/47/position = Vector3(-5.126e-06, 0.102753, -4.91738e-07)
bones/47/rotation = Quaternion(0.145098, -0.410368, 0.114409, 0.893004)
bones/47/scale = Vector3(1, 1, 1)
bones/48/name = "f_middle_2_r"
bones/48/parent = 47
bones/48/rest = Transform3D(0.997318, 0.0729146, -0.0063036, -0.0731845, 0.992936, -0.0933905, -0.000550458, 0.0936014, 0.99561, 2.20537e-06, 0.0339944, -1.08778e-06)
bones/48/enabled = true
bones/48/position = Vector3(2.20537e-06, 0.0339944, -1.08778e-06)
bones/48/rotation = Quaternion(0.0468308, -0.00144083, -0.0365895, 0.998231)
bones/48/scale = Vector3(1, 1, 1)
bones/49/name = "f_middle_3_r"
bones/49/parent = 48
bones/49/rest = Transform3D(0.99993, -0.0118124, 0.000795417, 0.0118113, 0.990718, -0.135417, 0.00081157, 0.135417, 0.990788, 2.83122e-07, 0.0277631, -1.71363e-07)
bones/49/enabled = true
bones/49/position = Vector3(2.83122e-07, 0.0277631, -1.71363e-07)
bones/49/rotation = Quaternion(0.0678662, -4.04841e-06, 0.00591968, 0.997677)
bones/49/scale = Vector3(1, 1, 1)
bones/50/name = "f_pinky_1_r"
bones/50/parent = 40
bones/50/rest = Transform3D(0.673796, -0.553828, -0.489156, 0.436972, 0.832482, -0.340631, 0.595865, 0.0157684, 0.80293, -0.0314135, 0.0874836, -0.0217678)
bones/50/enabled = true
bones/50/position = Vector3(-0.0314135, 0.0874836, -0.0217678)
bones/50/rotation = Quaternion(0.0979592, -0.298226, 0.272329, 0.909561)
bones/50/scale = Vector3(1, 1, 1)
bones/51/name = "f_pinky_2_r"
bones/51/parent = 50
bones/51/rest = Transform3D(0.998784, 0.0489319, -0.0059417, -0.0492485, 0.985614, -0.161677, -0.00205493, 0.161773, 0.986826, -8.9407e-07, 0.0214158, -6.63102e-06)
bones/51/enabled = true
bones/51/position = Vector3(-8.9407e-07, 0.0214158, -6.63102e-06)
bones/51/rotation = Quaternion(0.0811549, -0.00097521, -0.0246339, 0.996397)
bones/51/scale = Vector3(1, 1, 1)
bones/52/name = "f_pinky_3_r"
bones/52/parent = 51
bones/52/rest = Transform3D(0.999743, -0.0226833, -0.000224608, 0.0226837, 0.99959, 0.017492, -0.00017226, -0.0174926, 0.999847, -1.38581e-06, 0.0156924, 8.10251e-06)
bones/52/enabled = true
bones/52/position = Vector3(-1.38581e-06, 0.0156924, 8.10251e-06)
bones/52/rotation = Quaternion(-0.00874705, -1.30882e-05, 0.0113429, 0.999897)
bones/52/scale = Vector3(1, 1, 1)
bones/53/name = "f_ring_1_r"
bones/53/parent = 40
bones/53/rest = Transform3D(0.619053, -0.425623, -0.660014, 0.269027, 0.904489, -0.330946, 0.737833, 0.0273118, 0.67443, -0.014336, 0.0970188, -0.0131662)
bones/53/enabled = true
bones/53/position = Vector3(-0.014336, 0.0970188, -0.0131662)
bones/53/rotation = Quaternion(0.100168, -0.390834, 0.194222, 0.894144)
bones/53/scale = Vector3(1, 1, 1)
bones/54/name = "f_ring_2_r"
bones/54/parent = 53
bones/54/rest = Transform3D(0.996286, 0.0857997, -0.00722586, -0.0860497, 0.989187, -0.118763, -0.00304209, 0.118944, 0.992896, -5.36442e-06, 0.0298665, -3.69549e-06)
bones/54/enabled = true
bones/54/position = Vector3(-5.36442e-06, 0.0298665, -3.69549e-06)
bones/54/rotation = Quaternion(0.0595881, -0.00104879, -0.043079, 0.997293)
bones/54/scale = Vector3(1, 1, 1)
bones/55/name = "f_ring_3_r"
bones/55/parent = 54
bones/55/rest = Transform3D(0.99879, -0.0490794, 0.00304958, 0.0490926, 0.991647, -0.119276, 0.00282991, 0.119282, 0.992857, 3.21865e-06, 0.0249356, 1.40816e-06)
bones/55/enabled = true
bones/55/position = Vector3(3.21865e-06, 0.0249356, 1.40816e-06)
bones/55/rotation = Quaternion(0.0597646, 5.5035e-05, 0.0245944, 0.997909)
bones/55/scale = Vector3(1, 1, 1)
bones/56/name = "thigh_l"
bones/56/parent = 0
bones/56/rest = Transform3D(0.891828, 0.103334, -0.440421, 0.126082, -0.991763, 0.0226139, -0.434457, -0.0756964, -0.897509, 0.10192, -0.00693042, -0.0095177)
bones/56/enabled = true
bones/56/position = Vector3(0.10192, -0.00693042, -0.0095177)
bones/56/rotation = Quaternion(0.972252, 0.0589909, -0.224961, -0.0252791)
bones/56/scale = Vector3(1, 1, 1)
bones/57/name = "butt_l"
bones/57/parent = 56
bones/57/rest = Transform3D(0.973936, 0.0257257, 0.225357, 0.218984, 0.152268, -0.963774, -0.0591085, 0.988004, 0.142666, -1.74623e-08, 2.18279e-08, -2.23517e-08)
bones/57/enabled = true
bones/57/position = Vector3(-1.74623e-08, 2.18279e-08, -2.23517e-08)
bones/57/rotation = Quaternion(0.647882, 0.0944269, 0.064151, 0.753139)
bones/57/scale = Vector3(1, 1, 1)
bones/58/name = "shin_l"
bones/58/parent = 56
bones/58/rest = Transform3D(0.892093, 0.0444385, 0.449662, 0.0103428, 0.992883, -0.118642, -0.451734, 0.110491, 0.885284, 3.98606e-07, 0.399087, -7.45058e-09)
bones/58/enabled = true
bones/58/position = Vector3(3.98606e-07, 0.399087, -7.45058e-09)
bones/58/rotation = Quaternion(0.0590029, 0.232113, -0.0087798, 0.970858)
bones/58/scale = Vector3(1, 1, 1)
bones/59/name = "foot_l"
bones/59/parent = 58
bones/59/rest = Transform3D(0.997436, 0.071561, -4.95464e-07, -0.021136, 0.294606, 0.955385, 0.0683684, -0.952936, 0.295363, 8.54405e-06, 0.409873, -5.39163e-07)
bones/59/enabled = true
bones/59/position = Vector3(8.54405e-06, 0.409873, -5.39163e-07)
bones/59/rotation = Quaternion(-0.593184, -0.0212518, -0.028814, 0.804271)
bones/59/scale = Vector3(1, 1, 1)
bones/60/name = "toe_l"
bones/60/parent = 59
bones/60/rest = Transform3D(0.998419, -0.056136, -0.00283599, 0.0561833, 0.995233, 0.0797148, -0.0016524, -0.0797481, 0.996814, -7.69342e-06, 0.13999, -5.19678e-06)
bones/60/enabled = true
bones/60/position = Vector3(-7.69342e-06, 0.13999, -5.19678e-06)
bones/60/rotation = Quaternion(-0.0399133, -0.00029625, 0.0281134, 0.998808)
bones/60/scale = Vector3(1, 1, 1)
bones/61/name = "thigh_r"
bones/61/parent = 0
bones/61/rest = Transform3D(0.891828, -0.103334, 0.440421, -0.126082, -0.991763, 0.0226139, 0.434457, -0.0756964, -0.897509, -0.10192, -0.00693042, -0.0095177)
bones/61/enabled = true
bones/61/position = Vector3(-0.10192, -0.00693042, -0.0095177)
bones/61/rotation = Quaternion(0.972252, -0.0589909, 0.224961, -0.0252791)
bones/61/scale = Vector3(1, 1, 1)
bones/62/name = "butt_r"
bones/62/parent = 61
bones/62/rest = Transform3D(0.973936, -0.0257257, -0.225357, -0.218984, 0.152268, -0.963774, 0.0591085, 0.988004, 0.142666, 1.74623e-08, 2.18279e-08, -2.23517e-08)
bones/62/enabled = true
bones/62/position = Vector3(1.74623e-08, 2.18279e-08, -2.23517e-08)
bones/62/rotation = Quaternion(0.647882, -0.0944269, -0.064151, 0.753139)
bones/62/scale = Vector3(1, 1, 1)
bones/63/name = "shin_r"
bones/63/parent = 61
bones/63/rest = Transform3D(0.892093, -0.0444385, -0.449662, -0.0103428, 0.992883, -0.118642, 0.451734, 0.110491, 0.885284, -3.98606e-07, 0.399087, -7.45058e-09)
bones/63/enabled = true
bones/63/position = Vector3(-3.98606e-07, 0.399087, -7.45058e-09)
bones/63/rotation = Quaternion(0.0590029, -0.232113, 0.0087798, 0.970858)
bones/63/scale = Vector3(1, 1, 1)
bones/64/name = "foot_r"
bones/64/parent = 63
bones/64/rest = Transform3D(0.997436, -0.071561, 4.95464e-07, 0.021136, 0.294606, 0.955385, -0.0683684, -0.952936, 0.295363, -8.54405e-06, 0.409873, -5.39163e-07)
bones/64/enabled = true
bones/64/position = Vector3(-8.54405e-06, 0.409873, -5.39163e-07)
bones/64/rotation = Quaternion(-0.593184, 0.0212518, 0.028814, 0.804271)
bones/64/scale = Vector3(1, 1, 1)
bones/65/name = "toe_r"
bones/65/parent = 64
bones/65/rest = Transform3D(0.998419, 0.056136, 0.00283599, -0.0561833, 0.995233, 0.0797148, 0.0016524, -0.0797481, 0.996814, 7.69342e-06, 0.13999, -5.19678e-06)
bones/65/enabled = true
bones/65/position = Vector3(7.69342e-06, 0.13999, -5.19678e-06)
bones/65/rotation = Quaternion(-0.0399133, 0.00029625, -0.0281134, 0.998808)
bones/65/scale = Vector3(1, 1, 1)

[node name="AnimationPlayer" type="AnimationPlayer" parent="."]
libraries = {
"": SubResource("AnimationLibrary_4caec")
}

[node name="Hands" type="Marker3D" parent="."]
transform = Transform3D(1, 0, 0, 0, 1, 0, 0, 0, 1, 0, 1.17104, 0.837722)

[node name="Direction_Facing" type="RayCast3D" parent="."]
transform = Transform3D(1, 0, 0, 0, 1, 0, 0, 0, 1, 0, 1.50249, 0.209004)
enabled = false
target_position = Vector3(0, 0, 2)
collision_mask = 4

[node name="Minimap_Remote_XForm" type="RemoteTransform3D" parent="."]
transform = Transform3D(1, 0, 0, 0, 1, 0, 0, 0, 1, 0, 5, 0)
update_rotation = false

[node name="Center_Mass" type="Marker3D" parent="."]
transform = Transform3D(1, 0, 0, 0, 1, 0, 0, 0, 1, 0, 1.04845, 0)
